0.5 0.8 0
0 1.90 14
2.00 3.98 -13
3.99 4.25 27
4.98 6.24 57
4.01 7.89 108
5.11 8.24 34
6.71 9.49 -6
8.17 8.65 6
9.50 8.69 -25
9.36 6.63 -94
7.93 4.42 -106
6.39 2.68 -88
5.67 0.79 -156
4.26 0.24 -170
2.31 0.4 152
0.85 2.04 71
2.01 3.51 94
0.71 5.42 98
0.58 7.99 91
0.57 9.03 40
1.05 9.56 0
2.7 9.17 -20
3.73 8.37 -48
4.65 6.68 -62
6.22 4.52 -62
6.98 4.42 0
8.3 4.44 49
9.32 6.11 70
9.57 7.34 73
9.39 8.84 132
7.97 8.67 165
7.19 9.34 200
5.32 8.94 -133
4.85 8.05 -100
4.75 6.83 -105
5.62 5.97 -105
5.12 5.23 -99
4.28 4.21 -102
3.67 3.56 -112
3.60 2.90 -114
