2.05 1.55 2.5 2.5 2.5 2.5 2.5 2.5
1.94 2.5 2.5 2.5 2.5 2.5 2.5 2.05
2.5 2.5 1.65 2.5 2.5 2.5 1.33 2.42
2.5 2.5 1.81 2.5 2.5 2.39 1.59 2.5
1.45 2.5 1.49 1.78 2.5 2.5 2.5 1.95
2.5 1.92 1.55 0.68 2.5 2.5 1.54 2.5
0.65 2.5 2.5 2.5 1.72 2.5 2.5 0.28
2.5 2.5 2.5 2.5 2.5 0.86 0.42 1.79
2.5 2.5 2.5 2.5 0.87 0.70 0.45 0.42
2.5 2.5 2.5 2.5 2.5 0.51 0.48 2.5
2.5 2.5 2.5 2.5 2.5 0.51 0.49 1.24
2.5 2.5 2.5 2.5 1.31 0.99 2.5 2.5
2.5 2.5 2.5 2.5 2.5 2.5 1.02 1.34
2.5 2.5 2.5 2.5 2.5 2.5 0.75 0.78
2.5 2.5 2.5 2.5 2.5 0.87 0.47 0.65
2.5 2.5 2.5 2.5 2.5 0.81 0.48 0.76
2.5 2.5 2.5 2.5 2.5 2.5 0.8 0.8
2.22 2.5 2.5 2.5 0.57 2.48 2.5 2.5
2.5 2.5 2.5 2.5 2.5 2.5 1.53 0.98
2.5 2.5 2.5 2.5 2.5 0.92 0.67 0.69
2.5 2.5 2.5 2.5 2.5 2.5 0.8 0.47
2.5 2.5 2.5 2.5 2.5 2.5 0.54 0.55
2.5 2.5 2.5 2.5 2.5 0.67 0.67 1.85
2.5 1.73 2.5 2.5 2.5 1.2 1.62 1.11
2.5 2.2 2.4 2.5 2.5 0.98 1.56 2.5
2.5 2.5 1.7 2.49 2.5 2.5 2.5 2.28
2.5 1.4 1.08 2.5 2.5 2.41 2.5 2.5
2.5 1.15 1.36 2.5 2.5 2.5 2.5 2.5
2.5 0.83 0.62 1.15 2.5 2.5 2.5 2.5
2.5 0.47 0.34 0.57 2.5 2.5 2.5 2.5
2.5 2.46 0.49 0.72 2.5 2.5 2.5 2.5
0.98 0.61 0.59 0.52 0.71 2.5 2.5 2.5
0.74 0.43 1.22 1.87 2.5 2.5 2.5 2.5
2.36 0.98 0.45 0.73 2.5 2.5 2.5 2.5
2.5 2.5 0.5 0.96 2.5 2.5 2.35 1.41
2.5 2.5 2.1 2.09 2.5 2.5 1.06 1.65
2.5 2.5 1.29 1.5 1.72 2.5 2.07 2.5
2.41 2.5 2.5 2.13 2.37 2.41 2.43 2.5
2.41 1.69 2.5 2.5 2.5 1.98 2.5 2.27
1.54 1.37 2.5 2.5 2.5 2.26 2.5 1.47
0.99 1.0 0.84 2.5 2.5 2.5 2.5 0.83
